values: 0.928876, 0.927090, 0.710592, 0.696253, 0.700631, 0.928876, 0.939622, 0.711087, 0.697438, 0.705816, 0.927090, 0.939622, 0.725916, 0.716005, 0.731622, 0.710592, 0.711087, 0.725916, 0.915645, 0.681438, 0.696253, 0.697438, 0.716005, 0.915645, 0.687931, 0.700631, 0.705816, 0.731622, 0.681438, 0.687931, 
mean: 0.765064
range: 0.681438 to 0.939622