values: 0.661907, 0.649717, 0.481347, 0.505426, 0.661907, 0.776848, 0.576055, 0.544296, 0.649717, 0.776848, 0.599146, 0.602798, 0.481347, 0.576055, 0.599146, 0.567166, 0.505426, 0.544296, 0.602798, 0.567166, 
mean: 0.596471
range: 0.481347 to 0.776848