values: 0.511985, 0.930439, 0.511985, 0.461379, 0.930439, 0.461379, 
mean: 0.634601
range: 0.461379 to 0.930439