values: 0.992875, 0.668469, 0.634282, 0.591072, 0.627192, 0.992875, 0.667730, 0.633835, 0.591403, 0.627177, 0.668469, 0.667730, 0.902423, 0.929640, 0.956371, 0.634282, 0.633835, 0.902423, 0.851982, 0.871501, 0.591072, 0.591403, 0.929640, 0.851982, 0.898555, 0.627192, 0.627177, 0.956371, 0.871501, 0.898555, 
mean: 0.762967
range: 0.591072 to 0.992875