values: 0.520517, 0.925584, 0.919245, 0.543268, 0.928183, 0.520517, 0.531450, 0.514469, 0.974524, 0.543323, 0.925584, 0.531450, 0.939589, 0.555940, 0.947448, 0.919245, 0.514469, 0.939589, 0.538908, 0.941560, 0.543268, 0.974524, 0.555940, 0.538908, 0.565901, 0.928183, 0.543323, 0.947448, 0.941560, 0.565901, 
mean: 0.725994
range: 0.514469 to 0.974524