values: 0.883092, 0.527879, 0.508167, 0.521261, 0.521000, 0.883092, 0.549471, 0.531737, 0.541540, 0.538188, 0.527879, 0.549471, 0.968519, 0.963549, 0.944147, 0.508167, 0.531737, 0.968519, 0.984495, 0.966521, 0.521261, 0.541540, 0.963549, 0.984495, 0.960307, 0.521000, 0.538188, 0.944147, 0.966521, 0.960307, 
mean: 0.727325
range: 0.508167 to 0.984495