values: 0.295702, 0.246200, 0.123734, 0.120243, 0.287456, 0.295702, 0.675668, 0.089869, 0.091758, 0.746323, 0.246200, 0.675668, 0.085631, 0.082331, 0.694516, 0.123734, 0.089869, 0.085631, 0.692197, 0.102818, 0.120243, 0.091758, 0.082331, 0.692197, 0.100934, 0.287456, 0.746323, 0.694516, 0.102818, 0.100934, 
mean: 0.295692
range: 0.082331 to 0.746323