values: 0.986950, 0.942506, 0.968768, 0.938405, 0.937472, 0.986950, 0.943604, 0.967667, 0.937226, 0.938252, 0.942506, 0.943604, 0.929585, 0.907870, 0.906326, 0.968768, 0.967667, 0.929585, 0.925016, 0.925219, 0.938405, 0.937226, 0.907870, 0.925016, 0.905338, 0.937472, 0.938252, 0.906326, 0.925219, 0.905338, 
mean: 0.937347
range: 0.905338 to 0.986950