values: 0.926230, 0.897214, 0.526777, 0.536152, 0.530029, 0.926230, 0.912276, 0.554439, 0.562765, 0.556818, 0.897214, 0.912276, 0.507531, 0.516966, 0.510839, 0.526777, 0.554439, 0.507531, 0.996251, 0.997420, 0.536152, 0.562765, 0.516966, 0.996251, 0.996534, 0.530029, 0.556818, 0.510839, 0.997420, 0.996534, 
mean: 0.701883
range: 0.507531 to 0.997420