values: 0.574650, 0.524374, 0.523582, 0.470939, 0.528403, 0.574650, 0.604679, 0.535444, 0.513353, 0.556850, 0.524374, 0.604679, 0.523980, 0.519072, 0.538848, 0.523582, 0.535444, 0.523980, 0.605080, 0.608148, 0.470939, 0.513353, 0.519072, 0.605080, 0.596603, 0.528403, 0.556850, 0.538848, 0.608148, 0.596603, 
mean: 0.548267
range: 0.470939 to 0.608148