values: 0.567881, 0.567898, 0.550103, 0.503605, 0.515415, 0.567881, 0.975668, 0.934266, 0.690266, 0.678001, 0.567898, 0.975668, 0.953301, 0.672810, 0.656952, 0.550103, 0.934266, 0.953301, 0.639779, 0.618570, 0.503605, 0.690266, 0.672810, 0.639779, 0.924491, 0.515415, 0.678001, 0.656952, 0.618570, 0.924491, 
mean: 0.696600
range: 0.503605 to 0.975668