values: 0.968288, 0.834028, 0.839542, 0.835580, 0.812704, 0.968288, 0.836789, 0.841364, 0.837630, 0.811173, 0.834028, 0.836789, 0.961741, 0.954451, 0.852602, 0.839542, 0.841364, 0.961741, 0.968922, 0.878061, 0.835580, 0.837630, 0.954451, 0.968922, 0.859763, 0.812704, 0.811173, 0.852602, 0.878061, 0.859763, 
mean: 0.872842
range: 0.811173 to 0.968922