values: 0.925616, 0.467273, 0.466558, 0.473094, 0.464473, 0.925616, 0.474238, 0.474684, 0.478395, 0.475023, 0.467273, 0.474238, 0.923512, 0.902842, 0.834869, 0.466558, 0.474684, 0.923512, 0.868387, 0.811551, 0.473094, 0.478395, 0.902842, 0.868387, 0.807178, 0.464473, 0.475023, 0.834869, 0.811551, 0.807178, 
mean: 0.656513
range: 0.464473 to 0.925616