values: 0.514872, 0.570894, 0.554424, 0.557900, 0.663125, 0.514872, 0.949977, 0.962307, 0.883058, 0.614475, 0.570894, 0.949977, 0.956917, 0.888208, 0.653015, 0.554424, 0.962307, 0.956917, 0.901844, 0.645384, 0.557900, 0.883058, 0.888208, 0.901844, 0.639133, 0.663125, 0.614475, 0.653015, 0.645384, 0.639133, 
mean: 0.730369
range: 0.514872 to 0.962307