values: 0.929491, 0.596987, 0.606513, 0.598402, 0.558998, 0.929491, 0.594863, 0.602366, 0.613536, 0.562562, 0.596987, 0.594863, 0.975544, 0.631527, 0.687753, 0.606513, 0.602366, 0.975544, 0.633271, 0.704519, 0.598402, 0.613536, 0.631527, 0.633271, 0.618538, 0.558998, 0.562562, 0.687753, 0.704519, 0.618538, 
mean: 0.660991
range: 0.558998 to 0.975544