values: 0.263645, 0.310753, 0.286351, 0.126206, 0.319449, 0.263645, 0.685005, 0.632215, 0.083147, 0.501118, 0.310753, 0.685005, 0.669095, 0.093699, 0.569381, 0.286351, 0.632215, 0.669095, 0.084832, 0.507675, 0.126206, 0.083147, 0.093699, 0.084832, 0.097780, 0.319449, 0.501118, 0.569381, 0.507675, 0.097780, 
mean: 0.348690
range: 0.083147 to 0.685005