values: 0.917620, 0.913432, 0.432922, 0.505562, 0.508021, 0.917620, 0.884849, 0.421887, 0.489503, 0.491944, 0.913432, 0.884849, 0.433786, 0.491204, 0.494824, 0.432922, 0.421887, 0.433786, 0.358694, 0.358871, 0.505562, 0.489503, 0.491204, 0.358694, 0.955917, 0.508021, 0.491944, 0.494824, 0.358871, 0.955917, 
mean: 0.577269
range: 0.358694 to 0.955917