values: 0.961082, 0.964318, 0.950397, 0.950043, 0.954438, 0.961082, 0.989161, 0.970493, 0.972874, 0.977352, 0.964318, 0.989161, 0.974087, 0.976830, 0.981614, 0.950397, 0.970493, 0.974087, 0.958524, 0.963934, 0.950043, 0.972874, 0.976830, 0.958524, 0.965818, 0.954438, 0.977352, 0.981614, 0.963934, 0.965818, 
mean: 0.967398
range: 0.950043 to 0.989161