values: 0.965756, 0.760898, 0.676716, 0.648638, 0.673607, 0.598855, 0.563509, 0.604879, 0.965756, 0.751590, 0.665820, 0.636522, 0.662050, 0.588365, 0.553759, 0.594335, 0.760898, 0.751590, 0.689090, 0.674682, 0.694488, 0.605823, 0.592390, 0.614899, 0.676716, 0.665820, 0.689090, 0.949883, 0.977996, 0.622722, 0.606012, 0.630697, 0.648638, 0.636522, 0.674682, 0.949883, 0.951866, 0.615772, 0.599217, 0.620734, 0.673607, 0.662050, 0.694488, 0.977996, 0.951866, 0.614720, 0.597941, 0.623231, 0.598855, 0.588365, 0.605823, 0.622722, 0.615772, 0.614720, 0.909786, 0.932480, 0.563509, 0.553759, 0.592390, 0.606012, 0.599217, 0.597941, 0.909786, 0.941434, 0.604879, 0.594335, 0.614899, 0.630697, 0.620734, 0.623231, 0.932480, 0.941434, 
mean: 0.694754
range: 0.553759 to 0.977996