values: 0.907723, 0.936353, 0.593340, 0.600197, 0.907723, 0.909513, 0.586238, 0.590983, 0.936353, 0.909513, 0.601497, 0.603225, 0.593340, 0.586238, 0.601497, 0.922686, 0.600197, 0.590983, 0.603225, 0.922686, 
mean: 0.725176
range: 0.586238 to 0.936353