values: 0.663371, 0.780504, 0.777606, 0.532456, 0.574908, 0.663371, 0.682406, 0.682339, 0.551898, 0.564783, 0.780504, 0.682406, 0.796366, 0.555379, 0.600879, 0.777606, 0.682339, 0.796366, 0.578008, 0.592331, 0.532456, 0.551898, 0.555379, 0.578008, 0.762884, 0.574908, 0.564783, 0.600879, 0.592331, 0.762884, 
mean: 0.646408
range: 0.532456 to 0.796366