values: 0.964181, 0.610592, 0.956418, 0.606624, 0.615183, 0.964181, 0.615756, 0.953425, 0.611479, 0.617933, 0.610592, 0.615756, 0.623925, 0.890931, 0.895429, 0.956418, 0.953425, 0.623925, 0.620367, 0.626709, 0.606624, 0.611479, 0.890931, 0.620367, 0.886461, 0.615183, 0.617933, 0.895429, 0.626709, 0.886461, 
mean: 0.739694
range: 0.606624 to 0.964181