values: 0.972051, 0.985083, 0.913473, 0.995014, 0.899623, 0.972051, 0.964125, 0.892175, 0.971972, 0.880568, 0.985083, 0.964125, 0.909385, 0.984189, 0.896670, 0.913473, 0.892175, 0.909385, 0.910029, 0.967524, 0.995014, 0.971972, 0.984189, 0.910029, 0.895832, 0.899623, 0.880568, 0.896670, 0.967524, 0.895832, 
mean: 0.935848
range: 0.880568 to 0.995014