values: 0.791260, 0.782067, 0.391180, 0.828156, 0.376116, 0.791260, 0.795369, 0.354536, 0.845943, 0.344869, 0.782067, 0.795369, 0.363880, 0.808978, 0.355230, 0.391180, 0.354536, 0.363880, 0.393023, 0.720191, 0.828156, 0.845943, 0.808978, 0.393023, 0.383889, 0.376116, 0.344869, 0.355230, 0.720191, 0.383889, 
mean: 0.568979
range: 0.344869 to 0.845943