values: 0.087657, 0.082103, 0.071821, 0.083181, 0.087337, 0.087657, 0.698744, 0.656967, 0.691463, 0.732142, 0.082103, 0.698744, 0.605837, 0.612354, 0.658016, 0.071821, 0.656967, 0.605837, 0.585859, 0.630165, 0.083181, 0.691463, 0.612354, 0.585859, 0.641101, 0.087337, 0.732142, 0.658016, 0.630165, 0.641101, 
mean: 0.461650
range: 0.071821 to 0.732142