values: 0.929660, 0.918762, 0.601230, 0.599971, 0.607773, 0.929660, 0.950849, 0.621174, 0.618651, 0.623530, 0.918762, 0.950849, 0.621668, 0.618045, 0.624509, 0.601230, 0.621174, 0.621668, 0.982553, 0.950150, 0.599971, 0.618651, 0.618045, 0.982553, 0.941972, 0.607773, 0.623530, 0.624509, 0.950150, 0.941972, 
mean: 0.747366
range: 0.599971 to 0.982553