values: 0.961794, 0.966446, 0.522859, 0.922211, 0.945842, 0.961794, 0.980701, 0.525352, 0.933463, 0.959701, 0.966446, 0.980701, 0.517204, 0.936906, 0.964199, 0.522859, 0.525352, 0.517204, 0.545368, 0.534540, 0.922211, 0.933463, 0.936906, 0.545368, 0.920483, 0.945842, 0.959701, 0.964199, 0.534540, 0.920483, 
mean: 0.809138
range: 0.517204 to 0.980701