values: 0.922671, 0.895831, 0.900160, 0.913050, 0.605149, 0.632725, 0.572498, 0.546580, 0.572871, 0.922671, 0.964036, 0.957898, 0.926641, 0.599539, 0.624944, 0.583497, 0.554624, 0.585459, 0.895831, 0.964036, 0.929067, 0.899901, 0.577509, 0.600599, 0.585757, 0.560725, 0.590053, 0.900160, 0.957898, 0.929067, 0.902386, 0.598269, 0.621036, 0.581052, 0.553986, 0.580887, 0.913050, 0.926641, 0.899901, 0.902386, 0.609968, 0.632517, 0.591208, 0.562216, 0.589329, 0.605149, 0.599539, 0.577509, 0.598269, 0.609968, 0.955569, 0.587364, 0.580177, 0.582057, 0.632725, 0.624944, 0.600599, 0.621036, 0.632517, 0.955569, 0.581164, 0.570550, 0.575551, 0.572498, 0.583497, 0.585757, 0.581052, 0.591208, 0.587364, 0.581164, 0.932609, 0.975003, 0.546580, 0.554624, 0.560725, 0.553986, 0.562216, 0.580177, 0.570550, 0.932609, 0.929930, 0.572871, 0.585459, 0.590053, 0.580887, 0.589329, 0.582057, 0.575551, 0.975003, 0.929930, 
mean: 0.693214
range: 0.546580 to 0.975003