values: 0.966253, 0.978706, 0.962483, 0.966389, 0.974823, 0.966253, 0.980511, 0.955822, 0.965414, 0.971722, 0.978706, 0.980511, 0.970325, 0.977104, 0.985897, 0.962483, 0.955822, 0.970325, 0.958888, 0.969861, 0.966389, 0.965414, 0.977104, 0.958888, 0.974000, 0.974823, 0.971722, 0.985897, 0.969861, 0.974000, 
mean: 0.970547
range: 0.955822 to 0.985897