values: 0.650353, 0.586534, 0.956010, 0.927983, 0.653544, 0.650353, 0.799495, 0.689697, 0.654862, 0.979383, 0.586534, 0.799495, 0.610619, 0.587957, 0.806177, 0.956010, 0.689697, 0.610619, 0.956967, 0.693201, 0.927983, 0.654862, 0.587957, 0.956967, 0.656717, 0.653544, 0.979383, 0.806177, 0.693201, 0.656717, 
mean: 0.747300
range: 0.586534 to 0.979383