values: 0.570742, 0.568314, 0.544994, 0.614012, 0.614649, 0.570742, 0.921269, 0.930920, 0.695514, 0.700325, 0.568314, 0.921269, 0.942282, 0.696075, 0.699271, 0.544994, 0.930920, 0.942282, 0.687498, 0.688818, 0.614012, 0.695514, 0.696075, 0.687498, 0.934200, 0.614649, 0.700325, 0.699271, 0.688818, 0.934200, 
mean: 0.720592
range: 0.544994 to 0.942282