values: 0.134987, 0.136464, 0.117677, 0.125078, 0.296376, 0.134987, 0.672174, 0.676441, 0.753696, 0.238337, 0.136464, 0.672174, 0.614715, 0.681606, 0.236453, 0.117677, 0.676441, 0.614715, 0.689516, 0.198266, 0.125078, 0.753696, 0.681606, 0.689516, 0.217962, 0.296376, 0.238337, 0.236453, 0.198266, 0.217962, 
mean: 0.385983
range: 0.117677 to 0.753696