values: 0.568379, 0.592878, 0.589449, 0.568410, 0.594810, 0.568379, 0.951018, 0.952387, 0.539601, 0.965991, 0.592878, 0.951018, 0.963055, 0.557786, 0.977479, 0.589449, 0.952387, 0.963055, 0.567801, 0.979258, 0.568410, 0.539601, 0.557786, 0.567801, 0.563773, 0.594810, 0.965991, 0.977479, 0.979258, 0.563773, 
mean: 0.728805
range: 0.539601 to 0.979258