values: 0.433337, 0.616338, 0.482024, 0.457777, 0.454476, 0.433337, 0.514084, 0.686401, 0.476433, 0.508759, 0.616338, 0.514084, 0.549180, 0.519106, 0.514753, 0.482024, 0.686401, 0.549180, 0.567560, 0.548189, 0.457777, 0.476433, 0.519106, 0.567560, 0.632199, 0.454476, 0.508759, 0.514753, 0.548189, 0.632199, 
mean: 0.530708
range: 0.433337 to 0.686401