values: 0.707998, 0.708565, 0.702120, 0.499745, 0.413994, 0.707998, 0.718688, 0.714556, 0.557599, 0.457166, 0.708565, 0.718688, 0.710427, 0.532154, 0.487459, 0.702120, 0.714556, 0.710427, 0.542273, 0.450318, 0.499745, 0.557599, 0.532154, 0.542273, 0.665075, 0.413994, 0.457166, 0.487459, 0.450318, 0.665075, 
mean: 0.591209
range: 0.413994 to 0.718688