values: 0.608172, 0.604220, 0.610401, 0.602086, 0.600887, 0.608172, 0.893847, 0.901302, 0.910975, 0.918721, 0.604220, 0.893847, 0.933242, 0.942240, 0.917324, 0.610401, 0.901302, 0.933242, 0.973794, 0.950620, 0.602086, 0.910975, 0.942240, 0.973794, 0.964476, 0.600887, 0.918721, 0.917324, 0.950620, 0.964476, 
mean: 0.822154
range: 0.600887 to 0.973794