values: 0.861959, 0.912006, 0.911566, 0.582123, 0.612127, 0.861959, 0.849664, 0.848029, 0.548693, 0.567594, 0.912006, 0.849664, 0.891124, 0.571710, 0.596528, 0.911566, 0.848029, 0.891124, 0.562629, 0.589008, 0.582123, 0.548693, 0.571710, 0.562629, 0.562469, 0.612127, 0.567594, 0.596528, 0.589008, 0.562469, 
mean: 0.697815
range: 0.548693 to 0.912006