values: 0.931189, 0.957788, 0.519259, 0.919170, 0.507232, 0.931189, 0.958949, 0.529227, 0.917706, 0.518585, 0.957788, 0.958949, 0.539116, 0.943470, 0.524703, 0.519259, 0.529227, 0.539116, 0.554041, 0.909741, 0.919170, 0.917706, 0.943470, 0.554041, 0.542070, 0.507232, 0.518585, 0.524703, 0.909741, 0.542070, 
mean: 0.718150
range: 0.507232 to 0.958949