values: 0.464562, 0.465287, 0.453845, 0.518693, 0.514058, 0.464562, 0.938485, 0.941631, 0.694255, 0.702269, 0.465287, 0.938485, 0.940959, 0.694925, 0.703102, 0.453845, 0.941631, 0.940959, 0.680588, 0.688087, 0.518693, 0.694255, 0.694925, 0.680588, 0.928755, 0.514058, 0.702269, 0.703102, 0.688087, 0.928755, 
mean: 0.688633
range: 0.453845 to 0.941631