values: 0.776658, 0.956943, 0.938768, 0.840310, 0.823809, 0.776658, 0.781049, 0.764747, 0.803148, 0.792078, 0.956943, 0.781049, 0.940387, 0.841032, 0.825358, 0.938768, 0.764747, 0.940387, 0.827204, 0.812250, 0.840310, 0.803148, 0.841032, 0.827204, 0.938179, 0.823809, 0.792078, 0.825358, 0.812250, 0.938179, 
mean: 0.844128
range: 0.764747 to 0.956943