values: 0.514768, 0.515884, 0.444549, 0.555202, 0.495703, 0.514768, 0.510763, 0.501072, 0.544463, 0.477347, 0.515884, 0.510763, 0.612864, 0.602520, 0.617361, 0.444549, 0.501072, 0.612864, 0.554061, 0.622669, 0.555202, 0.544463, 0.602520, 0.554061, 0.583224, 0.495703, 0.477347, 0.617361, 0.622669, 0.583224, 
mean: 0.543497
range: 0.444549 to 0.622669