values: 0.747099, 0.307402, 0.787358, 0.272406, 0.307689, 0.747099, 0.267542, 0.706890, 0.243321, 0.265525, 0.307402, 0.267542, 0.283571, 0.735563, 0.752879, 0.787358, 0.706890, 0.283571, 0.251427, 0.283569, 0.272406, 0.243321, 0.735563, 0.251427, 0.736015, 0.307689, 0.265525, 0.752879, 0.283569, 0.736015, 
mean: 0.463217
range: 0.243321 to 0.787358