values: 0.492959, 0.490293, 0.450740, 0.495148, 0.356774, 0.492959, 0.867020, 0.840273, 0.901008, 0.327574, 0.490293, 0.867020, 0.833069, 0.886588, 0.318533, 0.450740, 0.840273, 0.833069, 0.864720, 0.309821, 0.495148, 0.901008, 0.886588, 0.864720, 0.332536, 0.356774, 0.327574, 0.318533, 0.309821, 0.332536, 
mean: 0.584471
range: 0.309821 to 0.901008