values: 0.933845, 0.944106, 0.472088, 0.474453, 0.447346, 0.933845, 0.950614, 0.452708, 0.455995, 0.424697, 0.944106, 0.950614, 0.471758, 0.475102, 0.445267, 0.472088, 0.452708, 0.471758, 0.937260, 0.953432, 0.474453, 0.455995, 0.475102, 0.937260, 0.921013, 0.447346, 0.424697, 0.445267, 0.953432, 0.921013, 
mean: 0.650646
range: 0.424697 to 0.953432