values: 0.947590, 0.956026, 0.679151, 0.947590, 0.947951, 0.698342, 0.956026, 0.947951, 0.666568, 0.679151, 0.698342, 0.666568, 
mean: 0.815938
range: 0.666568 to 0.956026