values: 0.996649, 0.855101, 0.885518, 0.863715, 0.885274, 0.996649, 0.855718, 0.886517, 0.864584, 0.886366, 0.855101, 0.855718, 0.973526, 0.967306, 0.971964, 0.885518, 0.886517, 0.973526, 0.990763, 0.996343, 0.863715, 0.864584, 0.967306, 0.990763, 0.988971, 0.885274, 0.886366, 0.971964, 0.996343, 0.988971, 
mean: 0.924554
range: 0.855101 to 0.996649