values: 0.373583, 0.371813, 0.357310, 0.190802, 0.366045, 0.373583, 0.809607, 0.714358, 0.229120, 0.797477, 0.371813, 0.809607, 0.733537, 0.229441, 0.846716, 0.357310, 0.714358, 0.733537, 0.243483, 0.737692, 0.190802, 0.229120, 0.229441, 0.243483, 0.229775, 0.366045, 0.797477, 0.846716, 0.737692, 0.229775, 
mean: 0.482051
range: 0.190802 to 0.846716