values: 0.911923, 0.910349, 0.908766, 0.851503, 0.912833, 0.911923, 0.995741, 0.982726, 0.880112, 0.976525, 0.910349, 0.995741, 0.981088, 0.875221, 0.973146, 0.908766, 0.982726, 0.981088, 0.879474, 0.960513, 0.851503, 0.880112, 0.875221, 0.879474, 0.887349, 0.912833, 0.976525, 0.973146, 0.960513, 0.887349, 
mean: 0.925818
range: 0.851503 to 0.995741