values: 0.706110, 0.995401, 0.973063, 0.666127, 0.688297, 0.706110, 0.696946, 0.716795, 0.677309, 0.666807, 0.995401, 0.696946, 0.974030, 0.655174, 0.677462, 0.973063, 0.716795, 0.974030, 0.688303, 0.713020, 0.666127, 0.677309, 0.655174, 0.688303, 0.694308, 0.688297, 0.666807, 0.677462, 0.713020, 0.694308, 
mean: 0.745943
range: 0.655174 to 0.995401