values: 0.720269, 0.086422, 0.083416, 0.088225, 0.139701, 0.720269, 0.081866, 0.079988, 0.075658, 0.146872, 0.086422, 0.081866, 0.699347, 0.799223, 0.116241, 0.083416, 0.079988, 0.699347, 0.674136, 0.120980, 0.088225, 0.075658, 0.799223, 0.674136, 0.119894, 0.139701, 0.146872, 0.116241, 0.120980, 0.119894, 
mean: 0.268816
range: 0.075658 to 0.799223