values: 0.970643, 0.963285, 0.977642, 0.978290, 0.972584, 0.970643, 0.966948, 0.984085, 0.985079, 0.977492, 0.963285, 0.966948, 0.973741, 0.975642, 0.967625, 0.977642, 0.984085, 0.973741, 0.994850, 0.986307, 0.978290, 0.985079, 0.975642, 0.994850, 0.987127, 0.972584, 0.977492, 0.967625, 0.986307, 0.987127, 
mean: 0.977423
range: 0.963285 to 0.994850