values: 0.978781, 0.955493, 0.973829, 0.947356, 0.959847, 0.978781, 0.961023, 0.977992, 0.949443, 0.964065, 0.955493, 0.961023, 0.955360, 0.927149, 0.940423, 0.973829, 0.977992, 0.955360, 0.950030, 0.966594, 0.947356, 0.949443, 0.927149, 0.950030, 0.942746, 0.959847, 0.964065, 0.940423, 0.966594, 0.942746, 
mean: 0.956676
range: 0.927149 to 0.978781