values: 0.951553, 0.600218, 0.591020, 0.163587, 0.637534, 0.951553, 0.602692, 0.591723, 0.165128, 0.641824, 0.600218, 0.602692, 0.856377, 0.182157, 0.588794, 0.591020, 0.591723, 0.856377, 0.188119, 0.559553, 0.163587, 0.165128, 0.182157, 0.188119, 0.135447, 0.637534, 0.641824, 0.588794, 0.559553, 0.135447, 
mean: 0.497048
range: 0.135447 to 0.951553