values: 0.068422, 0.712016, 0.111082, 0.107131, 0.096067, 0.068422, 0.077873, 0.114201, 0.111664, 0.106117, 0.712016, 0.077873, 0.114584, 0.111687, 0.105390, 0.111082, 0.114201, 0.114584, 0.700322, 0.652592, 0.107131, 0.111664, 0.111687, 0.700322, 0.674665, 0.096067, 0.106117, 0.105390, 0.652592, 0.674665, 
mean: 0.257587
range: 0.068422 to 0.712016