values: 0.989014, 0.982412, 0.860156, 0.591845, 0.598042, 0.989014, 0.990933, 0.868400, 0.599141, 0.605342, 0.982412, 0.990933, 0.851411, 0.604297, 0.607189, 0.860156, 0.868400, 0.851411, 0.546308, 0.564350, 0.591845, 0.599141, 0.604297, 0.546308, 0.929505, 0.598042, 0.605342, 0.607189, 0.564350, 0.929505, 
mean: 0.745890
range: 0.546308 to 0.990933