values: 0.823095, 0.819624, 0.790126, 0.955847, 0.951486, 0.823095, 0.959829, 0.949247, 0.815623, 0.820682, 0.819624, 0.959829, 0.948848, 0.809542, 0.812615, 0.790126, 0.949247, 0.948848, 0.777092, 0.783622, 0.955847, 0.815623, 0.809542, 0.777092, 0.992147, 0.951486, 0.820682, 0.812615, 0.783622, 0.992147, 
mean: 0.867295
range: 0.777092 to 0.992147