values: 0.866627, 0.502117, 0.819250, 0.857442, 0.843201, 0.866627, 0.481042, 0.861225, 0.914351, 0.906400, 0.502117, 0.481042, 0.490788, 0.472575, 0.461175, 0.819250, 0.861225, 0.490788, 0.850304, 0.836458, 0.857442, 0.914351, 0.472575, 0.850304, 0.884279, 0.843201, 0.906400, 0.461175, 0.836458, 0.884279, 
mean: 0.736482
range: 0.461175 to 0.914351