values: 0.537564, 0.504985, 0.550575, 0.448645, 0.509135, 0.537564, 0.628918, 0.613315, 0.472384, 0.585649, 0.504985, 0.628918, 0.602579, 0.503700, 0.543147, 0.550575, 0.613315, 0.602579, 0.520244, 0.563561, 0.448645, 0.472384, 0.503700, 0.520244, 0.523630, 0.509135, 0.585649, 0.543147, 0.563561, 0.523630, 
mean: 0.540535
range: 0.448645 to 0.628918