values: 0.186606, 0.186635, 0.251642, 0.252006, 0.239910, 0.186606, 0.714296, 0.448539, 0.439390, 0.422944, 0.186635, 0.714296, 0.453469, 0.445168, 0.426413, 0.251642, 0.448539, 0.453469, 0.913664, 0.871345, 0.252006, 0.439390, 0.445168, 0.913664, 0.876446, 0.239910, 0.422944, 0.426413, 0.871345, 0.876446, 
mean: 0.475231
range: 0.186606 to 0.913664