values: 0.951789, 0.907214, 0.906683, 0.905653, 0.750918, 0.951789, 0.871238, 0.875313, 0.877082, 0.746439, 0.907214, 0.871238, 0.983467, 0.983570, 0.729583, 0.906683, 0.875313, 0.983467, 0.974737, 0.735125, 0.905653, 0.877082, 0.983570, 0.974737, 0.739463, 0.750918, 0.746439, 0.729583, 0.735125, 0.739463, 
mean: 0.862552
range: 0.729583 to 0.983570