values: 0.416674, 0.471329, 0.508682, 0.508555, 0.453371, 0.416674, 0.690094, 0.650532, 0.713557, 0.773220, 0.471329, 0.690094, 0.682862, 0.733996, 0.775228, 0.508682, 0.650532, 0.682862, 0.697652, 0.742764, 0.508555, 0.713557, 0.733996, 0.697652, 0.816550, 0.453371, 0.773220, 0.775228, 0.742764, 0.816550, 
mean: 0.642338
range: 0.416674 to 0.816550