values: 0.498559, 0.515560, 0.502022, 0.571024, 0.467673, 0.498559, 0.480507, 0.482517, 0.531340, 0.521844, 0.515560, 0.480507, 0.500853, 0.530878, 0.449605, 0.502022, 0.482517, 0.500853, 0.543588, 0.562547, 0.571024, 0.531340, 0.530878, 0.543588, 0.546114, 0.467673, 0.521844, 0.449605, 0.562547, 0.546114, 
mean: 0.513642
range: 0.449605 to 0.571024