values: 0.901161, 0.898731, 0.918642, 0.915152, 0.918880, 0.901161, 0.900291, 0.922230, 0.921580, 0.920946, 0.898731, 0.900291, 0.910393, 0.914041, 0.908416, 0.918642, 0.922230, 0.910393, 0.938430, 0.940187, 0.915152, 0.921580, 0.914041, 0.938430, 0.937403, 0.918880, 0.920946, 0.908416, 0.940187, 0.937403, 
mean: 0.917765
range: 0.898731 to 0.940187