values: 0.946968, 0.655717, 0.924543, 0.678285, 0.651436, 0.946968, 0.649899, 0.922782, 0.676458, 0.647860, 0.655717, 0.649899, 0.671290, 0.953626, 0.930175, 0.924543, 0.922782, 0.671290, 0.689385, 0.667124, 0.678285, 0.676458, 0.953626, 0.689385, 0.952979, 0.651436, 0.647860, 0.930175, 0.667124, 0.952979, 
mean: 0.774568
range: 0.647860 to 0.953626