values: 0.980100, 0.989648, 0.444273, 0.472371, 0.451699, 0.980100, 0.976556, 0.466304, 0.494489, 0.471595, 0.989648, 0.976556, 0.456593, 0.483881, 0.462202, 0.444273, 0.466304, 0.456593, 0.886605, 0.850589, 0.472371, 0.494489, 0.483881, 0.886605, 0.882359, 0.451699, 0.471595, 0.462202, 0.850589, 0.882359, 
mean: 0.651284
range: 0.444273 to 0.989648