values: 0.689987, 0.701714, 0.620302, 0.681759, 0.549816, 0.689987, 0.708689, 0.635150, 0.681182, 0.564825, 0.701714, 0.708689, 0.657198, 0.673688, 0.563275, 0.620302, 0.635150, 0.657198, 0.622348, 0.485379, 0.681759, 0.681182, 0.673688, 0.622348, 0.539426, 0.549816, 0.564825, 0.563275, 0.485379, 0.539426, 
mean: 0.624983
range: 0.485379 to 0.708689