values: 0.703270, 0.553422, 0.524505, 0.481212, 0.507567, 0.703270, 0.511879, 0.501428, 0.450294, 0.485703, 0.553422, 0.511879, 0.698074, 0.391968, 0.686906, 0.524505, 0.501428, 0.698074, 0.405785, 0.733148, 0.481212, 0.450294, 0.391968, 0.405785, 0.430942, 0.507567, 0.485703, 0.686906, 0.733148, 0.430942, 
mean: 0.537740
range: 0.391968 to 0.733148