values: 0.974466, 0.968236, 0.973362, 0.971364, 0.969382, 0.974466, 0.985804, 0.989148, 0.991101, 0.985102, 0.968236, 0.985804, 0.981773, 0.982964, 0.978532, 0.973362, 0.989148, 0.981773, 0.986841, 0.982201, 0.971364, 0.991101, 0.982964, 0.986841, 0.983129, 0.969382, 0.985102, 0.978532, 0.982201, 0.983129, 
mean: 0.980227
range: 0.968236 to 0.991101