values: 0.733717, 0.808360, 0.505896, 0.747556, 0.561115, 0.733717, 0.789597, 0.535952, 0.727602, 0.566944, 0.808360, 0.789597, 0.496788, 0.832252, 0.528294, 0.505896, 0.535952, 0.496788, 0.479302, 0.735763, 0.747556, 0.727602, 0.832252, 0.479302, 0.525615, 0.561115, 0.566944, 0.528294, 0.735763, 0.525615, 
mean: 0.638317
range: 0.479302 to 0.832252