values: 0.914482, 0.940951, 0.922394, 0.818804, 0.644828, 0.914482, 0.959040, 0.939709, 0.788892, 0.654612, 0.940951, 0.959040, 0.972640, 0.820339, 0.647684, 0.922394, 0.939709, 0.972640, 0.804242, 0.644843, 0.818804, 0.788892, 0.820339, 0.804242, 0.594512, 0.644828, 0.654612, 0.647684, 0.644843, 0.594512, 
mean: 0.804531
range: 0.594512 to 0.972640