values: 0.961234, 0.979058, 0.976925, 0.947568, 0.958867, 0.961234, 0.965273, 0.962989, 0.935565, 0.948629, 0.979058, 0.965273, 0.980884, 0.952253, 0.961940, 0.976925, 0.962989, 0.980884, 0.949295, 0.962634, 0.947568, 0.935565, 0.952253, 0.949295, 0.936341, 0.958867, 0.948629, 0.961940, 0.962634, 0.936341, 
mean: 0.958630
range: 0.935565 to 0.980884