values: 0.953139, 0.949746, 0.967653, 0.975359, 0.964723, 0.953139, 0.921025, 0.930526, 0.940148, 0.932026, 0.949746, 0.921025, 0.924921, 0.935307, 0.928032, 0.967653, 0.930526, 0.924921, 0.949655, 0.944221, 0.975359, 0.940148, 0.935307, 0.949655, 0.948445, 0.964723, 0.932026, 0.928032, 0.944221, 0.948445, 
mean: 0.944328
range: 0.921025 to 0.975359