values: 0.525730, 0.543329, 0.586790, 0.496770, 0.508896, 0.525730, 0.546521, 0.460944, 0.468380, 0.503038, 0.543329, 0.546521, 0.519793, 0.587345, 0.625273, 0.586790, 0.460944, 0.519793, 0.516451, 0.539109, 0.496770, 0.468380, 0.587345, 0.516451, 0.600337, 0.508896, 0.503038, 0.625273, 0.539109, 0.600337, 
mean: 0.535247
range: 0.460944 to 0.625273