values: 0.581487, 0.150917, 0.186637, 0.173984, 0.117245, 0.581487, 0.159786, 0.198185, 0.183318, 0.124187, 0.150917, 0.159786, 0.827819, 0.734576, 0.261642, 0.186637, 0.198185, 0.827819, 0.717105, 0.310486, 0.173984, 0.183318, 0.734576, 0.717105, 0.273814, 0.117245, 0.124187, 0.261642, 0.310486, 0.273814, 
mean: 0.333413
range: 0.117245 to 0.827819