values: 0.593909, 0.582945, 0.580912, 0.580538, 0.596494, 0.593909, 0.977796, 0.979815, 0.554912, 0.608400, 0.582945, 0.977796, 0.994522, 0.534693, 0.589739, 0.580912, 0.979815, 0.994522, 0.531684, 0.587180, 0.580538, 0.554912, 0.534693, 0.531684, 0.941821, 0.596494, 0.608400, 0.589739, 0.587180, 0.941821, 
mean: 0.682357
range: 0.531684 to 0.994522