values: 0.921448, 0.916773, 0.938302, 0.941653, 0.940750, 0.921448, 0.904879, 0.931738, 0.937453, 0.934320, 0.916773, 0.904879, 0.925172, 0.928718, 0.925261, 0.938302, 0.931738, 0.925172, 0.953614, 0.955120, 0.941653, 0.937453, 0.928718, 0.953614, 0.955569, 0.940750, 0.934320, 0.925261, 0.955120, 0.955569, 
mean: 0.934051
range: 0.904879 to 0.955569