values: 0.992807, 0.987387, 0.994660, 0.986853, 0.993723, 0.992807, 0.987644, 0.994759, 0.986805, 0.993642, 0.987387, 0.987644, 0.989340, 0.981882, 0.988402, 0.994660, 0.994759, 0.989340, 0.988479, 0.995623, 0.986853, 0.986805, 0.981882, 0.988479, 0.987452, 0.993723, 0.993642, 0.988402, 0.995623, 0.987452, 
mean: 0.989964
range: 0.981882 to 0.995623