values: 0.999801, 0.999063, 0.999600, 0.999661, 0.997952, 0.999801, 0.999180, 0.999682, 0.999775, 0.998060, 0.999063, 0.999180, 0.998960, 0.999107, 0.998044, 0.999600, 0.999682, 0.998960, 0.999540, 0.997857, 0.999661, 0.999775, 0.999107, 0.999540, 0.997899, 0.997952, 0.998060, 0.998044, 0.997857, 0.997899, 
mean: 0.998946
range: 0.997857 to 0.999801