values: 0.924023, 0.294331, 0.302190, 0.479268, 0.498831, 0.924023, 0.302805, 0.306966, 0.486267, 0.507561, 0.294331, 0.302805, 0.770180, 0.346960, 0.331292, 0.302190, 0.306966, 0.770180, 0.347071, 0.336094, 0.479268, 0.486267, 0.346960, 0.347071, 0.866381, 0.498831, 0.507561, 0.331292, 0.336094, 0.866381, 
mean: 0.473348
range: 0.294331 to 0.924023