values: 0.964429, 0.967099, 0.729858, 0.729568, 0.722276, 0.964429, 0.952171, 0.713275, 0.713504, 0.711924, 0.967099, 0.952171, 0.722516, 0.721741, 0.712707, 0.729858, 0.713275, 0.722516, 0.973196, 0.952123, 0.729568, 0.713504, 0.721741, 0.973196, 0.959714, 0.722276, 0.711924, 0.712707, 0.952123, 0.959714, 
mean: 0.816407
range: 0.711924 to 0.973196