values: 0.792566, 0.792806, 0.788603, 0.789336, 0.788247, 0.814515, 0.792566, 0.952004, 0.950852, 0.946299, 0.932199, 0.853371, 0.792806, 0.952004, 0.984932, 0.979386, 0.949735, 0.853186, 0.788603, 0.950852, 0.984932, 0.980283, 0.949690, 0.853721, 0.789336, 0.946299, 0.979386, 0.980283, 0.945396, 0.850120, 0.788247, 0.932199, 0.949735, 0.949690, 0.945396, 0.849300, 0.814515, 0.853371, 0.853186, 0.853721, 0.850120, 0.849300, 
mean: 0.885550
range: 0.788247 to 0.984932