values: 0.899544, 0.860427, 0.537794, 0.493954, 0.532782, 0.899544, 0.861755, 0.559691, 0.518236, 0.553959, 0.860427, 0.861755, 0.567917, 0.526996, 0.561040, 0.537794, 0.559691, 0.567917, 0.875247, 0.929310, 0.493954, 0.518236, 0.526996, 0.875247, 0.876126, 0.532782, 0.553959, 0.561040, 0.929310, 0.876126, 
mean: 0.676985
range: 0.493954 to 0.929310