values: 0.944935, 0.922388, 0.683155, 0.683944, 0.684335, 0.944935, 0.933825, 0.700991, 0.702093, 0.698822, 0.922388, 0.933825, 0.685455, 0.688769, 0.684650, 0.683155, 0.700991, 0.685455, 0.993351, 0.990678, 0.683944, 0.702093, 0.688769, 0.993351, 0.986517, 0.684335, 0.698822, 0.684650, 0.990678, 0.986517, 
mean: 0.798927
range: 0.683155 to 0.993351