values: 0.617952, 0.617000, 0.627170, 0.627302, 0.627030, 0.617952, 0.993749, 0.978785, 0.989280, 0.975766, 0.617000, 0.993749, 0.983061, 0.992839, 0.979559, 0.627170, 0.978785, 0.983061, 0.978048, 0.975325, 0.627302, 0.989280, 0.992839, 0.978048, 0.975065, 0.627030, 0.975766, 0.979559, 0.975325, 0.975065, 
mean: 0.862529
range: 0.617000 to 0.993749