values: 0.864060, 0.860131, 0.857851, 0.867628, 0.853491, 0.864060, 0.977488, 0.975493, 0.985699, 0.971520, 0.860131, 0.977488, 0.968983, 0.979343, 0.968438, 0.857851, 0.975493, 0.968983, 0.977851, 0.967650, 0.867628, 0.985699, 0.979343, 0.977851, 0.975263, 0.853491, 0.971520, 0.968438, 0.967650, 0.975263, 
mean: 0.936726
range: 0.853491 to 0.985699