values: 0.720514, 0.742173, 0.794888, 0.728554, 0.811140, 0.720514, 0.945661, 0.732614, 0.951438, 0.722347, 0.742173, 0.945661, 0.758230, 0.966048, 0.750411, 0.794888, 0.732614, 0.758230, 0.759730, 0.971938, 0.728554, 0.951438, 0.966048, 0.759730, 0.749412, 0.811140, 0.722347, 0.750411, 0.971938, 0.749412, 
mean: 0.807007
range: 0.720514 to 0.971938