values: 0.973993, 0.911104, 0.910567, 0.910548, 0.908914, 0.699815, 0.703262, 0.973993, 0.903514, 0.902476, 0.903495, 0.901065, 0.712852, 0.715195, 0.911104, 0.903514, 0.988994, 0.983941, 0.976055, 0.695395, 0.696562, 0.910567, 0.902476, 0.988994, 0.991872, 0.982886, 0.693820, 0.694356, 0.910548, 0.903495, 0.983941, 0.991872, 0.978168, 0.695086, 0.696020, 0.908914, 0.901065, 0.976055, 0.982886, 0.978168, 0.690917, 0.691473, 0.699815, 0.712852, 0.695395, 0.693820, 0.695086, 0.690917, 0.960355, 0.703262, 0.715195, 0.696562, 0.694356, 0.696020, 0.691473, 0.960355, 
mean: 0.838311
range: 0.690917 to 0.991872