values: 0.494655, 0.494655, 
mean: 0.494655
range: 0.494655 to 0.494655