values: 0.773596, 0.527627, 0.531716, 0.506569, 0.536135, 0.773596, 0.550379, 0.555136, 0.540416, 0.556170, 0.527627, 0.550379, 0.872584, 0.880934, 0.877434, 0.531716, 0.555136, 0.872584, 0.878745, 0.872165, 0.506569, 0.540416, 0.880934, 0.878745, 0.879889, 0.536135, 0.556170, 0.877434, 0.872165, 0.879889, 
mean: 0.689300
range: 0.506569 to 0.880934