values: 0.915656, 0.934181, 0.935667, 0.639704, 0.641407, 0.915656, 0.920119, 0.919913, 0.620944, 0.622537, 0.934181, 0.920119, 0.937922, 0.644147, 0.644957, 0.935667, 0.919913, 0.937922, 0.645528, 0.649199, 0.639704, 0.620944, 0.644147, 0.645528, 0.952827, 0.641407, 0.622537, 0.644957, 0.649199, 0.952827, 
mean: 0.774981
range: 0.620944 to 0.952827