values: 0.500300, 0.483432, 0.497852, 0.481865, 0.583945, 0.500300, 0.905736, 0.910347, 0.869273, 0.529121, 0.483432, 0.905736, 0.922439, 0.870018, 0.519987, 0.497852, 0.910347, 0.922439, 0.881178, 0.516868, 0.481865, 0.869273, 0.870018, 0.881178, 0.526215, 0.583945, 0.529121, 0.519987, 0.516868, 0.526215, 
mean: 0.666572
range: 0.481865 to 0.922439