values: 0.953755, 0.955531, 0.930388, 0.669341, 0.651415, 0.953755, 0.930198, 0.908286, 0.646877, 0.634077, 0.955531, 0.930198, 0.907608, 0.653019, 0.641972, 0.930388, 0.908286, 0.907608, 0.639259, 0.631424, 0.669341, 0.646877, 0.653019, 0.639259, 0.914363, 0.651415, 0.634077, 0.641972, 0.631424, 0.914363, 
mean: 0.777834
range: 0.631424 to 0.955531