values: 0.530387, 0.597754, 0.654368, 0.677555, 0.763172, 0.530387, 0.957296, 0.457007, 0.457001, 0.395091, 0.597754, 0.957296, 0.494289, 0.497222, 0.463936, 0.654368, 0.457007, 0.494289, 0.969378, 0.537374, 0.677555, 0.457001, 0.497222, 0.969378, 0.549435, 0.763172, 0.395091, 0.463936, 0.537374, 0.549435, 
mean: 0.600084
range: 0.395091 to 0.969378