values: 0.728999, 0.718836, 0.086818, 0.695605, 0.087221, 0.728999, 0.765828, 0.101778, 0.763168, 0.101811, 0.718836, 0.765828, 0.093387, 0.729478, 0.098896, 0.086818, 0.101778, 0.093387, 0.100929, 0.657773, 0.695605, 0.763168, 0.729478, 0.100929, 0.106358, 0.087221, 0.101811, 0.098896, 0.657773, 0.106358, 
mean: 0.389126
range: 0.086818 to 0.765828