values: 0.936505, 0.927597, 0.910023, 0.945755, 0.897933, 0.936505, 0.957665, 0.937577, 0.976461, 0.933075, 0.927597, 0.957665, 0.925062, 0.967840, 0.920397, 0.910023, 0.937577, 0.925062, 0.945144, 0.901513, 0.945755, 0.976461, 0.967840, 0.945144, 0.935996, 0.897933, 0.933075, 0.920397, 0.901513, 0.935996, 
mean: 0.934570
range: 0.897933 to 0.976461