values: 0.531388, 0.505723, 0.548152, 0.549494, 0.549173, 0.531388, 0.575715, 0.618572, 0.506066, 0.567461, 0.505723, 0.575715, 0.714452, 0.495108, 0.533446, 0.548152, 0.618572, 0.714452, 0.527605, 0.588891, 0.549494, 0.506066, 0.495108, 0.527605, 0.533810, 0.549173, 0.567461, 0.533446, 0.588891, 0.533810, 
mean: 0.556337
range: 0.495108 to 0.714452