values: 0.945706, 0.545172, 0.521906, 0.714515, 0.709820, 0.945706, 0.522336, 0.501553, 0.698748, 0.698052, 0.545172, 0.522336, 0.968578, 0.650796, 0.634701, 0.521906, 0.501553, 0.968578, 0.628012, 0.608989, 0.714515, 0.698748, 0.650796, 0.628012, 0.944236, 0.709820, 0.698052, 0.634701, 0.608989, 0.944236, 
mean: 0.686208
range: 0.501553 to 0.968578