values: 0.980437, 0.370003, 0.403782, 0.640231, 0.625520, 0.980437, 0.374379, 0.406134, 0.654948, 0.638812, 0.370003, 0.374379, 0.877003, 0.527394, 0.502302, 0.403782, 0.406134, 0.877003, 0.538719, 0.518702, 0.640231, 0.654948, 0.527394, 0.538719, 0.950703, 0.625520, 0.638812, 0.502302, 0.518702, 0.950703, 
mean: 0.600605
range: 0.370003 to 0.980437