values: 0.980693, 0.982933, 0.986111, 0.988642, 0.983271, 0.980693, 0.981614, 0.987454, 0.988597, 0.980501, 0.982933, 0.981614, 0.988998, 0.990498, 0.984172, 0.986111, 0.987454, 0.988998, 0.995354, 0.988344, 0.988642, 0.988597, 0.990498, 0.995354, 0.989511, 0.983271, 0.980501, 0.984172, 0.988344, 0.989511, 
mean: 0.986446
range: 0.980501 to 0.995354