values: 0.938085, 0.940068, 0.620483, 0.601492, 0.623278, 0.938085, 0.969761, 0.644623, 0.642956, 0.648791, 0.940068, 0.969761, 0.640100, 0.632232, 0.643575, 0.620483, 0.644623, 0.640100, 0.805412, 0.977751, 0.601492, 0.642956, 0.632232, 0.805412, 0.823235, 0.623278, 0.648791, 0.643575, 0.977751, 0.823235, 
mean: 0.743456
range: 0.601492 to 0.977751