values: 0.968338, 0.742192, 0.781756, 0.603948, 0.738217, 0.968338, 0.756579, 0.794691, 0.632108, 0.757617, 0.742192, 0.756579, 0.979550, 0.601287, 0.985894, 0.781756, 0.794691, 0.979550, 0.636110, 0.969901, 0.603948, 0.632108, 0.601287, 0.636110, 0.610007, 0.738217, 0.757617, 0.985894, 0.969901, 0.610007, 
mean: 0.770546
range: 0.601287 to 0.985894