values: 0.531189, 0.497921, 0.530133, 0.463846, 0.455946, 0.531189, 0.794738, 0.836376, 0.457835, 0.465183, 0.497921, 0.794738, 0.785624, 0.447033, 0.471838, 0.530133, 0.836376, 0.785624, 0.447573, 0.462752, 0.463846, 0.457835, 0.447033, 0.447573, 0.687592, 0.455946, 0.465183, 0.471838, 0.462752, 0.687592, 
mean: 0.555705
range: 0.447033 to 0.836376