values: 0.957862, 0.502734, 0.507348, 0.510618, 0.503877, 0.957862, 0.545726, 0.549865, 0.554163, 0.546887, 0.502734, 0.545726, 0.990873, 0.984961, 0.995328, 0.507348, 0.549865, 0.990873, 0.983952, 0.991854, 0.510618, 0.554163, 0.984961, 0.983952, 0.986302, 0.503877, 0.546887, 0.995328, 0.991854, 0.986302, 
mean: 0.740823
range: 0.502734 to 0.995328